Channel A:
- ON:
2000, 1000, 400, 1000, 400, 400, 1000, 1000, 400, 1000, 400, 400, 1000, 1000, 400, 1000, 400, 400, 2000, 5600

- OFF:
2000, 1000, 400, 1000, 400, 400, 1000, 1000, 400, 1000, 400, 400, 1000, 400, 1000, 400, 1000, 400, 2000, 5600

- Blinking:
2000, 1000, 400, 1000, 400, 400, 1000, 1000, 400, 1000, 400, 400, 1000, 1000, 400, 400, 1000, 400, 2000, 5600

- lower Blink:
2000, 1000, 400, 1000, 400, 400, 1000, 1000, 400, 1000, 400, 400, 1000, 400, 1000, 1000, 400, 400, 2000, 5600

- higher Blinki:
2000, 400, 1000, 1000, 400, 1000, 400, 1000, 400, 1000, 400, 400, 1000, 1000, 400, 1000, 400, 400, 2000, 5600

- Brightness up:
2000, 400, 2000
- Seems like the standart Protocol!!!!!
Start Byte is 2000 and end byte is 5600